spawns:
  default:
    world: 0f69a3a9-3b5a-4dfc-98a7-d16b74f7b99b
    world-name: world
    x: -75.69999998807907
    y: 127.0
    z: -63.176472323439576
    yaw: -88.54010009765625
    pitch: -2.2573752403259277
