spawns:
  default:
    world: 0f69a3a9-3b5a-4dfc-98a7-d16b74f7b99b
    world-name: world
    x: 18.15302504848542
    y: 126.0
    z: -65.31621817154186
    yaw: 89.52410888671875
    pitch: 15.230744361877441
